# Created by Octave 9.2.0, Tue Oct 22 23:31:46 2024 EDT <daniel@jvlad.ddns.net>
# name: A
# type: sparse matrix
# nnz: 1188
# rows: 398
# columns: 398
1 1 1
2 1 -0.5
1 2 -0.5
2 2 1
3 2 -0.5
2 3 -0.5
3 3 1
4 3 -0.5
3 4 -0.5
4 4 1
24 4 -0.5
5 5 1
6 5 -0.40824829046386296
25 5 -0.5
5 6 -0.40824829046386307
6 6 1
7 6 -0.40824829046386307
26 6 -0.40824829046386307
6 7 -0.40824829046386296
7 7 1
27 7 -0.5
8 8 1
9 8 -0.57735026918962573
8 9 -0.57735026918962584
9 9 1
10 9 -0.33333333333333337
29 9 -0.57735026918962584
9 10 -0.33333333333333337
10 10 1
11 10 -0.40824829046386307
30 10 -0.40824829046386307
10 11 -0.40824829046386296
11 11 1
12 11 -0.5
11 12 -0.5
12 12 1
32 12 -0.5
13 13 1
14 13 -0.57735026918962573
13 14 -0.57735026918962584
14 14 1
15 14 -0.40824829046386307
34 14 -0.40824829046386307
14 15 -0.40824829046386296
15 15 1
35 15 -0.5
16 16 1
17 16 -0.70710678118654757
16 17 -0.70710678118654746
17 17 1
18 17 -0.5
17 18 -0.5
18 18 1
19 18 -0.5
18 19 -0.5
19 19 1
39 19 -0.5
20 20 1
21 20 -0.5
20 21 -0.5
21 21 1
41 21 -0.5
22 22 1
23 22 -0.5
42 22 -0.5
22 23 -0.5
23 23 1
43 23 -0.5
4 24 -0.5
24 24 1
44 24 -0.5
5 25 -0.5
25 25 1
45 25 -0.40824829046386296
6 26 -0.40824829046386296
26 26 1
46 26 -0.5
7 27 -0.5
27 27 1
28 27 -0.5
27 28 -0.5
28 28 1
48 28 -0.5
9 29 -0.57735026918962573
29 29 1
10 30 -0.40824829046386296
30 30 1
31 30 -0.5
30 31 -0.5
31 31 1
51 31 -0.5
12 32 -0.5
32 32 1
33 32 -0.5
32 33 -0.5
33 33 1
34 33 -0.5
14 34 -0.40824829046386296
33 34 -0.5
34 34 1
15 35 -0.5
35 35 1
36 35 -0.5
35 36 -0.5
36 36 1
37 36 -0.5
36 37 -0.5
37 37 1
38 37 -0.5
37 38 -0.5
38 38 1
58 38 -0.5
19 39 -0.5
39 39 1
59 39 -0.5
40 40 1
41 40 -0.5
60 40 -0.5
21 41 -0.5
40 41 -0.5
41 41 1
22 42 -0.5
42 42 1
62 42 -0.5
23 43 -0.5
43 43 1
63 43 -0.5
24 44 -0.5
44 44 1
45 44 -0.40824829046386296
25 45 -0.40824829046386307
44 45 -0.40824829046386307
45 45 1
65 45 -0.40824829046386307
26 46 -0.5
46 46 1
66 46 -0.5
47 47 1
67 47 -0.70710678118654757
28 48 -0.5
48 48 1
49 48 -0.5
48 49 -0.5
49 49 1
50 49 -0.5
49 50 -0.5
50 50 1
70 50 -0.40824829046386296
31 51 -0.5
51 51 1
52 51 -0.5
51 52 -0.5
52 52 1
53 52 -0.5
52 53 -0.5
53 53 1
54 53 -0.5
53 54 -0.5
54 54 1
74 54 -0.5
55 55 1
56 55 -0.5
75 55 -0.40824829046386296
55 56 -0.5
56 56 1
57 56 -0.5
56 57 -0.5
57 57 1
77 57 -0.70710678118654746
38 58 -0.5
58 58 1
78 58 -0.5
39 59 -0.5
59 59 1
79 59 -0.40824829046386296
40 60 -0.5
60 60 1
80 60 -0.5
61 61 1
81 61 -0.70710678118654757
42 62 -0.5
62 62 1
82 62 -0.5
43 63 -0.5
63 63 1
64 63 -0.5
63 64 -0.5
64 64 1
84 64 -0.5
45 65 -0.40824829046386296
65 65 1
85 65 -0.5
46 66 -0.5
66 66 1
86 66 -0.5
47 67 -0.70710678118654746
67 67 1
68 67 -0.40824829046386296
67 68 -0.40824829046386307
68 68 1
69 68 -0.40824829046386307
88 68 -0.57735026918962584
68 69 -0.40824829046386296
69 69 1
70 69 -0.40824829046386296
50 70 -0.40824829046386307
69 70 -0.40824829046386307
70 70 1
71 70 -0.40824829046386307
70 71 -0.40824829046386296
71 71 1
72 71 -0.5
71 72 -0.5
72 72 1
73 72 -0.5
72 73 -0.5
73 73 1
93 73 -0.5
54 74 -0.5
74 74 1
94 74 -0.5
55 75 -0.40824829046386307
75 75 1
76 75 -0.40824829046386307
95 75 -0.40824829046386307
75 76 -0.40824829046386296
76 76 1
96 76 -0.5
57 77 -0.70710678118654757
77 77 1
58 78 -0.5
78 78 1
79 78 -0.40824829046386296
59 79 -0.40824829046386307
78 79 -0.40824829046386307
79 79 1
99 79 -0.33333333333333337
60 80 -0.5
80 80 1
100 80 -0.40824829046386296
61 81 -0.70710678118654746
81 81 1
101 81 -0.5
62 82 -0.5
82 82 1
102 82 -0.5
83 83 1
103 83 -0.57735026918962573
64 84 -0.5
84 84 1
104 84 -0.5
65 85 -0.5
85 85 1
105 85 -0.5
66 86 -0.5
86 86 1
87 86 -0.5
86 87 -0.5
87 87 1
107 87 -0.5
68 88 -0.57735026918962573
88 88 1
89 89 1
90 89 -0.5
109 89 -0.5
89 90 -0.5
90 90 1
110 90 -0.5
91 91 1
92 91 -0.5
111 91 -0.5
91 92 -0.5
92 92 1
93 92 -0.5
73 93 -0.5
92 93 -0.5
93 93 1
74 94 -0.5
94 94 1
114 94 -0.5
75 95 -0.40824829046386296
95 95 1
115 95 -0.70710678118654746
76 96 -0.5
96 96 1
116 96 -0.5
97 97 1
98 97 -0.5
117 97 -0.5
97 98 -0.5
98 98 1
99 98 -0.40824829046386296
79 99 -0.33333333333333337
98 99 -0.40824829046386307
99 99 1
119 99 -0.57735026918962584
80 100 -0.40824829046386307
100 100 1
101 100 -0.40824829046386307
120 100 -0.40824829046386307
81 101 -0.5
100 101 -0.40824829046386296
101 101 1
82 102 -0.5
102 102 1
122 102 -0.5
83 103 -0.57735026918962584
103 103 1
104 103 -0.40824829046386307
123 103 -0.40824829046386307
84 104 -0.5
103 104 -0.40824829046386296
104 104 1
85 105 -0.5
105 105 1
106 105 -0.5
105 106 -0.5
106 106 1
126 106 -0.40824829046386296
87 107 -0.5
107 107 1
108 107 -0.5
107 108 -0.5
108 108 1
109 108 -0.5
89 109 -0.5
108 109 -0.5
109 109 1
90 110 -0.5
110 110 1
130 110 -0.5
91 111 -0.5
111 111 1
112 111 -0.5
111 112 -0.5
112 112 1
132 112 -0.40824829046386296
113 113 1
114 113 -0.5
133 113 -0.5
94 114 -0.5
113 114 -0.5
114 114 1
95 115 -0.70710678118654757
115 115 1
96 116 -0.5
116 116 1
136 116 -0.5
97 117 -0.5
117 117 1
118 117 -0.5
117 118 -0.5
118 118 1
138 118 -0.5
99 119 -0.57735026918962573
119 119 1
100 120 -0.40824829046386296
120 120 1
140 120 -0.5
121 121 1
122 121 -0.5
141 121 -0.5
102 122 -0.5
121 122 -0.5
122 122 1
103 123 -0.40824829046386296
123 123 1
143 123 -0.5
124 124 1
125 124 -0.70710678118654757
124 125 -0.70710678118654746
125 125 1
126 125 -0.40824829046386296
106 126 -0.40824829046386307
125 126 -0.40824829046386307
126 126 1
146 126 -0.57735026918962584
127 127 1
128 127 -0.5
147 127 -0.40824829046386296
127 128 -0.5
128 128 1
129 128 -0.5
128 129 -0.5
129 129 1
130 129 -0.5
110 130 -0.5
129 130 -0.5
130 130 1
131 131 1
151 131 -0.57735026918962573
112 132 -0.40824829046386307
132 132 1
133 132 -0.40824829046386307
152 132 -0.40824829046386307
113 133 -0.5
132 133 -0.40824829046386296
133 133 1
134 134 1
135 134 -0.5
154 134 -0.5
134 135 -0.5
135 135 1
155 135 -0.5
116 136 -0.5
136 136 1
137 136 -0.5
136 137 -0.5
137 137 1
157 137 -0.5
118 138 -0.5
138 138 1
158 138 -0.5
139 139 1
159 139 -0.70710678118654757
120 140 -0.5
140 140 1
160 140 -0.5
121 141 -0.5
141 141 1
161 141 -0.5
142 142 1
162 142 -0.70710678118654757
123 143 -0.5
143 143 1
163 143 -0.40824829046386296
144 144 1
145 144 -0.5
164 144 -0.5
144 145 -0.5
145 145 1
165 145 -0.5
126 146 -0.57735026918962573
146 146 1
127 147 -0.40824829046386307
147 147 1
148 147 -0.40824829046386307
167 147 -0.57735026918962584
147 148 -0.40824829046386296
148 148 1
149 148 -0.5
148 149 -0.5
149 149 1
169 149 -0.5
150 150 1
151 150 -0.57735026918962573
131 151 -0.57735026918962584
150 151 -0.57735026918962584
151 151 1
152 151 -0.40824829046386307
132 152 -0.40824829046386296
151 152 -0.40824829046386296
152 152 1
153 153 1
154 153 -0.5
173 153 -0.5
134 154 -0.5
153 154 -0.5
154 154 1
135 155 -0.5
155 155 1
175 155 -0.5
156 156 1
157 156 -0.5
176 156 -0.5
137 157 -0.5
156 157 -0.5
157 157 1
138 158 -0.5
158 158 1
178 158 -0.5
139 159 -0.70710678118654746
159 159 1
179 159 -0.5
140 160 -0.5
160 160 1
180 160 -0.70710678118654746
141 161 -0.5
161 161 1
181 161 -0.5
142 162 -0.70710678118654746
162 162 1
163 162 -0.40824829046386296
143 163 -0.40824829046386307
162 163 -0.40824829046386307
163 163 1
164 163 -0.40824829046386307
144 164 -0.5
163 164 -0.40824829046386296
164 164 1
145 165 -0.5
165 165 1
166 165 -0.5
165 166 -0.5
166 166 1
186 166 -0.40824829046386296
147 167 -0.57735026918962573
167 167 1
168 168 1
169 168 -0.5
188 168 -0.5
149 169 -0.5
168 169 -0.5
169 169 1
170 170 1
171 170 -0.5
190 170 -0.5
170 171 -0.5
171 171 1
172 171 -0.5
171 172 -0.5
172 172 1
173 172 -0.5
153 173 -0.5
172 173 -0.5
173 173 1
174 174 1
175 174 -0.5
194 174 -0.5
155 175 -0.5
174 175 -0.5
175 175 1
156 176 -0.5
176 176 1
196 176 -0.5
177 177 1
178 177 -0.5
197 177 -0.5
158 178 -0.5
177 178 -0.5
178 178 1
159 179 -0.5
179 179 1
199 179 -0.5
160 180 -0.70710678118654757
180 180 1
161 181 -0.5
181 181 1
182 181 -0.5
181 182 -0.5
182 182 1
202 182 -0.40824829046386296
183 183 1
203 183 -0.70710678118654757
184 184 1
185 184 -0.5
204 184 -0.5
184 185 -0.5
185 185 1
